left_most: [0.84462241172791, 0.84284302711487, 0.83734687805176, 0.82745847702026, 0.81181396484375, 0.78783769607544, 0.75047199249268, 0.68869037628174, 0.57358806610107, 0.29857933044434, 0, 0, 0, 0.38677684783936, 0.55155353546143, 0.64019729614258, 0.69387100219727, 0.72832887649536, 0.75081113815308, 0.76500860214233, 0.77287540435791],
right_most: [0.89659669876099, 0.89385584831238, 0.88840505599976, 0.87952723503113, 0.86585931777954, 0.84478231430054, 0.810833568573, 0.75075077056885, 0.62237426757812, 0, 0, 0, 0.12497062683105, 0.39055633544922, 0.52416805267334, 0.60244537353516, 0.65192985534668, 0.68418510437012, 0.70493701934814, 0.71720230102539, 0.72253784179687],
ideal: [0.87146686553955, 0.86882895469666, 0.86295498847961, 0.85309482574463, 0.83780170440674, 0.81432487487793, 0.77707920074463, 0.7131251335144, 0.27257850646973, 0.29935691833496, 0.30873657226563, 0.30249298095703, 0.27990325927734, 0.40097068786621, 0.54289245605469, 0.62387722015381, 0.67416423797607, 0.70681354522705, 0.72799289703369, 0.74092100143433, 0.74728691101074],

curve_right_1: [0.79060249328613, 0.69598249435425, 0.09110061645508, 0.10305824279785, 0.0945930480957, 0.06487846374512, 0.32316993713379, 0.48146465301514, 0.57261493682861, 0.6294709777832, 0.66639865875244, 0.69034248352051, 0.70559804916382, 0.71271369934082, 0.71323888778687, 0.70723417282104, 0.693990650177, 0.67181373596191, 0.63743946075439, 0.60931816101074, 0.65443103790283],
curve_right_2: [0.85949234962463, 0.84655366897583, 0.82672710418701, 0.79577791213989, 0.74441778182983, 0.64804077148438, 0.1421541595459, 0.16050956726074, 0.15956909179688, 0.13938011169434, 0.31983253479004, 0.49873992919922, 0.59659816741943, 0.65606060028076, 0.69429349899292, 0.71923225402832, 0.73493448257446, 0.74420471191406, 0.7467769241333, 0.74362798690796, 0.73439180374146],

curve_left_1: [0.82164030075073, 0.80306669235229, 0.77455362319946, 0.75716611862183, 0.77796966552734, 0.79119375228882, 0.79868684768677, 0.80137765884399, 0.79957942962646, 0.79308403015137, 0.78109979629517, 0.76199855804443, 0.73270328521729, 0.68580816268921, 0.61090160369873, 0.47365844726563, 0, 0, 0, 0.13198631286621, 0.4865901184082],
curve_left_2: [0.8311506652832, 0.84083424568176, 0.84621841430664, 0.8479651927948, 0.84627738952637, 0.84095905303955, 0.83135738372803, 0.81615110397339, 0.79284467697144, 0.75511186599731, 0.69481475830078, 0.58276023864746, 0.01460388183594, 0.03745567321777, 0.0376390838623, 0.01584228515625, 0.37602851867676, 0.54485431671143, 0.63522388458252, 0.68987215042114, 0.7125267791748],